威海 621 144 1
威海 625 192 1
威海 716 163 1
威海 697 209 1
威海 656 201 1
威海 724 155 1
威海 643 207 1
威海 674 158 1
威海 619 198 1
威海 676 187 1
威海 688 138 1
威海 682 166 1
威海 633 122 1
威海 659 157 1
威海 657 201 1
威海 639 184 1
威海 690 195 1
威海 679 134 1
威海 705 205 1
威海 624 205 1
威海 624 123 1
威海 727 125 1
威海 633 192 1
威海 640 202 1
威海 649 199 1
威海 713 176 1
威海 723 156 1
威海 681 160 1
威海 687 141 1
威海 635 133 1
威海 697 208 1
威海 711 185 1
威海 649 166 1
威海 680 127 1
威海 691 170 1
威海 716 175 1
烟台 478 130 2
烟台 485 201 2
烟台 632 158 2
烟台 601 226 2
烟台 534 214 2
烟台 645 146 2
烟台 514 223 2
烟台 565 150 2
烟台 474 209 2
烟台 567 193 2
烟台 586 121 2
烟台 577 162 2
烟台 497 97 2
烟台 540 149 2
烟台 537 213 2
烟台 507 189 2
烟台 590 205 2
烟台 573 116 2
烟台 614 220 2
烟台 482 219 2
烟台 482 99 2
烟台 650 102 2
烟台 497 201 2
烟台 508 215 2
烟台 524 211 2
烟台 628 177 2
烟台 643 147 2
烟台 575 154 2
烟台 584 126 2
烟台 500 114 2
烟台 602 224 2
烟台 624 190 2
烟台 523 163 2
烟台 574 105 2
烟台 591 168 2
烟台 632 175 2
烟台 612 215 2
烟台 523 210 2
烟台 580 224 2
烟台 674 188 2
烟台 494 84 2
烟台 645 133 2
烟台 514 140 2
烟台 526 100 2
烟台 509 198 2
烟台 664 164 2
烟台 571 159 2
烟台 607 152 2
烟台 497 99 2
烟台 519 164 2
烟台 561 172 2
烟台 496 218 2
烟台 553 127 2
烟台 525 127 2
烟台 659 190 2
烟台 636 202 2
烟台 623 124 2
烟台 595 222 2
烟台 476 208 2
烟台 551 206 2
烟台 610 194 2
烟台 604 88 2
烟台 599 196 2
烟台 605 108 2
烟台 473 201 2
烟台 599 179 2
烟台 586 216 2
烟台 596 163 2
烟台 530 198 2
烟台 511 156 2
烟台 559 186 2
烟台 602 190 2
烟台 573 187 2
烟台 490 138 2
烟台 567 128 2
烟台 502 109 2
烟台 667 133 2
烟台 589 166 2
烟台 544 193 2
烟台 514 91 2
烟台 483 192 2
烟台 576 114 2
烟台 665 206 2
烟台 486 97 2
烟台 604 204 2
烟台 544 135 2
青岛 472 222 3
青岛 476 311 3
青岛 568 258 3
青岛 549 342 3
青岛 507 327 3
青岛 576 243 3
青岛 494 338 3
青岛 526 248 3
青岛 470 321 3
青岛 527 301 3
青岛 539 212 3
青岛 533 262 3
青岛 484 182 3
青岛 511 247 3
青岛 509 326 3
青岛 490 296 3
青岛 542 316 3
青岛 531 205 3
青岛 557 335 3
青岛 475 334 3
青岛 475 184 3
青岛 578 188 3
青岛 484 311 3
青岛 491 329 3
青岛 501 323 3
青岛 565 281 3
青岛 574 244 3
青岛 532 252 3
青岛 538 217 3
青岛 486 203 3
青岛 549 339 3
青岛 563 297 3
青岛 500 264 3
青岛 532 192 3
青岛 542 270 3
青岛 567 279 3
青岛 555 328 3
青岛 500 323 3
青岛 535 340 3
青岛 594 294 3
青岛 482 166 3
青岛 576 227 3
青岛 494 236 3
青岛 502 186 3
青岛 491 307 3
青岛 588 265 3
青岛 530 259 3
青岛 552 250 3
青岛 484 184 3
青岛 498 265 3
青岛 524 274 3
青岛 483 332 3
青岛 518 219 3
青岛 501 220 3
青岛 584 297 3
青岛 570 313 3
青岛 562 216 3
青岛 545 337 3
青岛 471 319 3
青岛 518 317 3
青岛 554 303 3
青岛 550 171 3
青岛 547 305 3
青岛 551 195 3
青岛 469 311 3
青岛 547 284 3
青岛 539 330 3
青岛 546 264 3
青岛 504 308 3
潍坊 359 202 4
潍坊 364 293 4
潍坊 477 238 4
潍坊 453 324 4
潍坊 402 309 4
潍坊 486 223 4
潍坊 386 320 4
潍坊 425 228 4
潍坊 356 302 4
潍坊 427 282 4
潍坊 442 192 4
潍坊 434 243 4
潍坊 373 161 4
潍坊 407 227 4
潍坊 404 308 4
潍坊 381 277 4
潍坊 445 298 4
潍坊 431 185 4
潍坊 463 316 4
潍坊 362 316 4
潍坊 362 164 4
潍坊 490 168 4
潍坊 374 292 4
潍坊 382 311 4
潍坊 394 305 4
潍坊 474 262 4
潍坊 485 224 4
潍坊 433 233 4
潍坊 440 197 4
潍坊 376 182 4
潍坊 453 321 4
潍坊 470 278 4
潍坊 394 245 4
潍坊 432 172 4
潍坊 445 251 4
潍坊 476 260 4
潍坊 461 310 4
潍坊 394 304 4
潍坊 437 322 4
潍坊 509 275 4
潍坊 371 145 4
潍坊 486 207 4
潍坊 386 216 4
潍坊 396 165 4
潍坊 383 289 4
潍坊 501 246 4
潍坊 430 240 4
潍坊 458 231 4
潍坊 374 164 4
潍坊 391 246 4
潍坊 423 255 4
潍坊 373 314 4
潍坊 416 199 4
潍坊 395 199 4
潍坊 497 279 4
潍坊 480 294 4
潍坊 469 196 4
潍坊 448 319 4
潍坊 358 301 4
潍坊 415 299 4
潍坊 460 284 4
潍坊 455 150 4
潍坊 451 286 4
潍坊 456 175 4
潍坊 356 292 4
潍坊 451 265 4
潍坊 441 311 4
潍坊 449 244 4
潍坊 398 289 4
潍坊 385 236 4
潍坊 421 274 4
潍坊 453 279 4
潍坊 431 275 4
潍坊 368 213 4
潍坊 427 200 4
潍坊 378 176 4
潍坊 503 207 4
潍坊 444 248 4
潍坊 410 282 4
潍坊 387 154 4
潍坊 363 281 4
潍坊 434 183 4
潍坊 502 298 4
潍坊 365 161 4
潍坊 455 296 4
潍坊 409 210 4
潍坊 438 275 4
潍坊 363 277 4
潍坊 451 213 4
潍坊 501 166 4
潍坊 506 228 4
潍坊 432 286 4
潍坊 355 173 4
潍坊 480 253 4
潍坊 503 215 4
潍坊 403 168 4
潍坊 397 286 4
潍坊 494 225 4
潍坊 501 304 4
潍坊 380 166 4
潍坊 374 305 4
日照 394 327 5
日照 397 382 5
日照 462 349 5
日照 448 401 5
日照 418 392 5
日照 467 340 5
日照 409 399 5
日照 432 343 5
日照 392 388 5
日照 433 376 5
日照 441 321 5
日照 437 352 5
日照 402 302 5
日照 421 342 5
日照 420 392 5
日照 406 373 5
日照 443 385 5
日照 435 316 5
日照 454 397 5
日照 396 396 5
日照 396 304 5
日照 469 306 5
日照 402 382 5
日照 407 393 5
日照 414 389 5
日照 460 363 5
日照 466 340 5
日照 436 346 5
日照 441 324 5
日照 404 315 5
日照 448 399 5
日照 458 373 5
日照 414 353 5
东营 363 89 6
东营 366 159 6
东营 430 117 6
东营 416 183 6
东营 387 171 6
东营 435 105 6
东营 378 180 6
东营 400 109 6
东营 361 166 6
东营 401 151 6
东营 410 81 6
东营 406 121 6
东营 371 58 6
东营 390 109 6
东营 388 171 6
东营 375 147 6
东营 411 163 6
东营 404 76 6
东营 422 177 6
东营 365 177 6
东营 365 60 6
东营 437 62 6
东营 371 159 6
东营 376 173 6
东营 383 168 6
东营 428 135 6
东营 434 106 6
东营 405 113 6
东营 409 85 6
东营 372 74 6
东营 416 181 6
东营 426 148 6
东营 382 122 6
东营 404 66 6
东营 412 127 6
东营 430 134 6
东营 421 172 6
东营 382 168 6
东营 407 181 6
东营 448 146 6
东营 370 45 6
东营 435 93 6
东营 378 100 6
东营 384 60 6
东营 376 156 6
东营 444 123 6
东营 403 118 6
东营 419 111 6
东营 371 59 6
东营 381 123 6
东营 399 130 6
东营 371 176 6
东营 395 87 6
东营 383 87 6
淄博 313 199 7
淄博 315 275 7
淄博 366 229 7
淄博 355 301 7
淄博 332 288 7
淄博 370 216 7
淄博 325 298 7
淄博 343 220 7
淄博 312 283 7
淄博 344 266 7
淄博 350 190 7
淄博 347 233 7
淄博 319 164 7
淄博 334 220 7
淄博 333 288 7
淄博 323 262 7
淄博 351 279 7
淄博 345 184 7
淄博 360 295 7
淄博 315 294 7
淄博 314 166 7
淄博 372 169 7
淄博 320 274 7
淄博 323 290 7
淄博 329 285 7
淄博 364 249 7
淄博 369 217 7
淄博 346 224 7
淄博 349 194 7
淄博 321 182 7
淄博 355 299 7
淄博 363 263 7
淄博 329 234 7
淄博 346 173 7
淄博 352 240 7
淄博 366 247 7
淄博 359 289 7
临沂 290 343 8
临沂 295 444 8
临沂 407 384 8
临沂 383 479 8
临沂 333 462 8
临沂 416 367 8
临沂 317 474 8
临沂 356 372 8
临沂 287 455 8
临沂 358 432 8
临沂 372 331 8
临沂 365 389 8
临沂 304 298 8
临沂 337 371 8
临沂 335 461 8
临沂 312 427 8
临沂 375 450 8
临沂 362 324 8
临沂 393 471 8
临沂 293 470 8
临沂 293 301 8
临沂 420 305 8
临沂 304 444 8
临沂 313 464 8
临沂 325 457 8
临沂 404 410 8
临沂 415 368 8
临沂 363 377 8
临沂 371 338 8
临沂 307 321 8
临沂 384 476 8
临沂 400 428 8
临沂 324 390 8
临沂 363 309 8
临沂 376 398 8
临沂 406 408 8
临沂 391 463 8
临沂 324 457 8
临沂 367 476 8
临沂 439 425 8
临沂 302 279 8
临沂 416 349 8
临沂 317 358 8
临沂 326 302 8
临沂 314 440 8
临沂 431 392 8
临沂 361 385 8
临沂 388 375 8
临沂 305 300 8
临沂 322 392 8
临沂 353 402 8
临沂 304 468 8
临沂 347 340 8
临沂 326 340 8
临沂 427 428 8
临沂 410 446 8
临沂 399 336 8
临沂 379 473 8
临沂 289 453 8
临沂 346 451 8
临沂 390 434 8
临沂 385 285 8
临沂 381 437 8
临沂 386 313 8
临沂 287 443 8
临沂 381 413 8
临沂 371 465 8
临沂 380 390 8
临沂 329 440 8
临沂 315 381 8
临沂 351 423 8
临沂 384 429 8
临沂 362 424 8
临沂 299 355 8
临沂 357 341 8
临沂 308 314 8
临沂 433 349 8
临沂 374 394 8
临沂 340 433 8
临沂 318 289 8
临沂 294 431 8
临沂 364 321 8
临沂 432 450 8
临沂 296 297 8
临沂 386 447 8
临沂 340 352 8
临沂 368 424 8
临沂 294 427 8
临沂 382 355 8
临沂 431 303 8
临沂 436 372 8
临沂 362 437 8
临沂 286 311 8
临沂 410 400 8
临沂 433 357 8
临沂 334 305 8
临沂 328 437 8
临沂 424 369 8
临沂 431 457 8
临沂 311 303 8
临沂 305 458 8
临沂 325 282 8
临沂 309 354 8
临沂 399 342 8
临沂 286 417 8
临沂 423 415 8
临沂 319 379 8
临沂 413 304 8
滨州 279 88 9
滨州 282 179 9
滨州 346 124 9
滨州 332 210 9
滨州 303 194 9
滨州 351 109 9
滨州 294 206 9
滨州 316 114 9
滨州 277 188 9
滨州 317 168 9
滨州 326 77 9
滨州 322 128 9
滨州 287 47 9
滨州 306 113 9
滨州 304 194 9
滨州 291 163 9
滨州 327 184 9
滨州 320 70 9
滨州 338 202 9
滨州 281 201 9
滨州 281 49 9
滨州 353 53 9
滨州 287 178 9
滨州 292 197 9
滨州 299 191 9
滨州 344 148 9
滨州 350 110 9
滨州 321 118 9
滨州 325 83 9
滨州 288 68 9
滨州 332 207 9
滨州 342 164 9
滨州 298 130 9
滨州 320 57 9
滨州 328 137 9
滨州 346 146 9
滨州 337 196 9
滨州 298 190 9
滨州 323 207 9
滨州 364 161 9
滨州 286 30 9
滨州 351 92 9
滨州 294 101 9
滨州 300 50 9
滨州 292 174 9
滨州 360 131 9
滨州 319 125 9
滨州 335 116 9
滨州 287 49 9
滨州 297 131 9
滨州 315 141 9
滨州 287 200 9
滨州 311 84 9
滨州 299 85 9
滨州 357 164 9
滨州 347 180 9
滨州 342 81 9
莱芜 282 253 10
莱芜 284 281 10
莱芜 320 264 10
莱芜 312 290 10
莱芜 296 286 10
莱芜 323 260 10
莱芜 291 289 10
莱芜 304 261 10
莱芜 281 284 10
莱芜 304 278 10
莱芜 309 250 10
莱芜 306 266 10
莱芜 287 241 10
莱芜 298 261 10
济南 190 172 11
济南 194 255 11
济南 284 205 11
济南 265 284 11
济南 224 270 11
济南 292 191 11
济南 212 280 11
济南 243 196 11
济南 188 264 11
济南 244 245 11
济南 256 162 11
济南 250 209 11
济南 201 134 11
济南 228 195 11
济南 226 269 11
济南 207 241 11
济南 258 260 11
济南 248 155 11
济南 273 277 11
济南 193 276 11
济南 193 136 11
济南 295 140 11
济南 202 255 11
济南 208 272 11
济南 218 266 11
济南 282 227 11
济南 291 192 11
济南 249 200 11
济南 255 167 11
济南 204 153 11
济南 265 281 11
济南 279 242 11
济南 218 211 11
济南 249 143 11
济南 259 217 11
济南 284 225 11
济南 272 271 11
济南 218 266 11
济南 252 282 11
济南 310 239 11
济南 200 119 11
济南 292 176 11
济南 212 184 11
济南 219 137 11
济南 209 251 11
济南 304 212 11
济南 247 206 11
济南 269 198 11
济南 202 136 11
济南 215 212 11
济南 241 221 11
泰安 175 267 12
泰安 181 307 12
泰安 301 283 12
泰安 276 321 12
泰安 221 314 12
泰安 311 276 12
泰安 205 319 12
泰安 246 279 12
泰安 172 312 12
泰安 248 303 12
泰安 263 262 12
泰安 256 285 12
泰安 191 249 12
泰安 226 278 12
泰安 223 314 12
泰安 199 300 12
泰安 266 310 12
泰安 252 259 12
泰安 286 318 12
泰安 179 318 12
泰安 179 250 12
泰安 315 252 12
泰安 191 307 12
泰安 200 315 12
泰安 213 313 12
泰安 297 294 12
泰安 309 277 12
泰安 254 281 12
泰安 262 265 12
泰安 194 258 12
泰安 276 320 12
泰安 294 301 12
泰安 212 286 12
泰安 253 253 12
泰安 267 289 12
泰安 300 293 12
泰安 284 315 12
泰安 212 312 12
泰安 258 320 12
泰安 335 300 12
泰安 188 241 12
泰安 311 269 12
泰安 205 273 12
泰安 214 250 12
泰安 201 306 12
泰安 326 286 12
泰安 251 284 12
泰安 280 280 12
泰安 191 250 12
济宁 158 358 13
济宁 163 444 13
济宁 271 392 13
济宁 248 474 13
济宁 199 459 13
济宁 280 377 13
济宁 184 470 13
济宁 222 382 13
济宁 155 453 13
济宁 223 434 13
济宁 237 347 13
济宁 230 396 13
济宁 172 319 13
济宁 204 382 13
济宁 201 459 13
济宁 179 429 13
济宁 240 449 13
济宁 227 341 13
济宁 258 467 13
济宁 161 466 13
济宁 161 321 13
济宁 284 325 13
济宁 172 444 13
济宁 180 461 13
济宁 192 455 13
济宁 268 415 13
济宁 279 379 13
济宁 229 387 13
济宁 236 353 13
济宁 174 339 13
济宁 248 471 13
济宁 265 430 13
济宁 191 398 13
济宁 228 328 13
济宁 241 404 13
济宁 271 413 13
济宁 256 460 13
济宁 191 455 13
济宁 233 472 13
济宁 302 428 13
济宁 170 303 13
济宁 280 362 13
济宁 184 371 13
济宁 193 322 13
济宁 181 440 13
济宁 294 399 13
济宁 226 394 13
济宁 253 385 13
济宁 172 321 13
济宁 188 399 13
济宁 219 408 13
济宁 171 465 13
济宁 213 354 13
济宁 193 355 13
济宁 290 431 13
济宁 274 445 13
济宁 264 351 13
济宁 244 469 13
济宁 157 452 13
济宁 212 450 13
济宁 255 436 13
济宁 250 307 13
济宁 246 438 13
济宁 251 331 13
济宁 154 443 13
济宁 246 418 13
济宁 237 462 13
济宁 245 398 13
济宁 196 441 13
济宁 182 390 13
枣庄 237 408 14
枣庄 240 456 14
枣庄 299 427 14
枣庄 286 473 14
枣庄 260 465 14
枣庄 303 419 14
枣庄 252 471 14
枣庄 272 422 14
枣庄 236 462 14
枣庄 273 451 14
枣庄 280 402 14
枣庄 276 430 14
枣庄 245 386 14
枣庄 262 421 14
枣庄 261 465 14
枣庄 249 448 14
枣庄 282 459 14
枣庄 275 398 14
枣庄 291 469 14
枣庄 239 469 14
枣庄 239 387 14
枣庄 305 389 14
枣庄 245 456 14
枣庄 249 466 14
枣庄 256 463 14
枣庄 297 440 14
枣庄 303 420 14
枣庄 276 424 14
德州 149 135 15
德州 154 217 15
德州 268 168 15
德州 244 246 15
德州 193 232 15
德州 278 154 15
德州 177 242 15
德州 216 159 15
德州 146 226 15
德州 218 208 15
德州 233 125 15
德州 225 172 15
德州 164 98 15
德州 197 158 15
德州 195 232 15
德州 171 203 15
德州 236 222 15
德州 222 119 15
德州 254 239 15
德州 153 238 15
德州 152 100 15
德州 282 103 15
德州 164 217 15
德州 172 234 15
德州 185 228 15
德州 265 189 15
德州 277 155 15
德州 224 163 15
德州 231 130 15
德州 166 117 15
德州 245 243 15
德州 262 204 15
德州 184 174 15
德州 223 107 15
德州 237 180 15
德州 268 188 15
德州 252 233 15
德州 184 228 15
德州 228 244 15
德州 301 202 15
德州 161 83 15
德州 278 139 15
德州 177 147 15
德州 186 101 15
德州 173 214 15
德州 293 175 15
德州 221 169 15
德州 249 161 15
德州 164 100 15
德州 181 174 15
德州 213 183 15
德州 163 237 15
德州 207 132 15
德州 186 132 15
德州 289 205 15
德州 271 219 15
德州 261 129 15
德州 240 241 15
德州 148 225 15
德州 206 223 15
德州 251 210 15
德州 246 87 15
德州 242 212 15
德州 247 110 15
德州 146 217 15
聊城 111 225 16
聊城 115 295 16
聊城 188 253 16
聊城 173 319 16
聊城 139 307 16
聊城 194 241 16
聊城 129 316 16
聊城 154 245 16
聊城 109 302 16
聊城 156 287 16
聊城 165 216 16
聊城 160 256 16
聊城 120 193 16
聊城 142 244 16
聊城 140 307 16
聊城 125 283 16
聊城 167 299 16
聊城 158 211 16
聊城 179 313 16
聊城 113 313 16
聊城 113 195 16
聊城 197 198 16
聊城 121 295 16
聊城 126 309 16
聊城 134 304 16
聊城 186 271 16
聊城 193 242 16
聊城 159 248 16
聊城 164 221 16
聊城 122 209 16
聊城 173 317 16
聊城 184 284 16
聊城 134 257 16
聊城 159 201 16
聊城 168 263 16
聊城 188 269 16
聊城 178 308 16
聊城 134 304 16
聊城 162 317 16
聊城 209 281 16
聊城 119 180 16
聊城 194 228 16
聊城 129 235 16
聊城 135 196 16
聊城 127 292 16
聊城 204 258 16
聊城 158 254 16
聊城 176 247 16
聊城 121 194 16
聊城 132 258 16
聊城 153 266 16
聊城 120 312 16
聊城 148 222 16
聊城 135 222 16
聊城 201 284 16
菏泽 70 362 17
菏泽 74 435 17
菏泽 162 391 17
菏泽 143 460 17
菏泽 103 448 17
菏泽 169 379 17
菏泽 91 457 17
菏泽 122 383 17
菏泽 68 443 17
菏泽 123 427 17
菏泽 135 354 17
菏泽 129 395 17
菏泽 81 329 17
菏泽 107 382 17
菏泽 105 447 17
菏泽 87 422 17
菏泽 137 439 17
菏泽 126 348 17
菏泽 151 454 17
菏泽 72 453 17
菏泽 72 331 17
菏泽 172 334 17
菏泽 81 435 17
菏泽 88 449 17
菏泽 97 445 17
菏泽 159 410 17
菏泽 168 380 17
菏泽 128 387 17
菏泽 133 358 17
菏泽 83 346 17
菏泽 143 458 17
菏泽 157 423 17
菏泽 97 396 17
菏泽 127 338 17
菏泽 137 402 17
菏泽 161 409 17
菏泽 149 449 17
菏泽 97 444 17
菏泽 131 458 17
菏泽 187 421 17
菏泽 79 316 17
菏泽 169 366 17
菏泽 91 373 17
菏泽 98 332 17
菏泽 88 432 17
菏泽 181 397 17
菏泽 126 392 17
菏泽 147 385 17
菏泽 82 331 17
菏泽 95 397 17
菏泽 120 405 17
菏泽 81 452 17
菏泽 114 360 17
菏泽 98 360 17
菏泽 177 424 17
菏泽 164 436 17
菏泽 156 357 17
菏泽 140 456 17
菏泽 69 441 17
菏泽 114 440 17
菏泽 149 428 17
菏泽 145 320 17
菏泽 142 430 17
菏泽 145 340 17
菏泽 67 434 17
菏泽 142 413 17
菏泽 134 450 17
菏泽 140 396 17
菏泽 101 432 17
菏泽 90 389 17
菏泽 118 419 17
菏泽 144 424 17
菏泽 126 421 17
菏泽 77 371 17
菏泽 123 361 17
菏泽 84 341 17
菏泽 183 366 17
